User 0: 10 10 10 10 10 10 10 2033 10 2002 sum: 4115
User 1: 10 4024 10 10 10 10 10 10 10 10 sum: 4114
User 2: 10 10 10 10 10 2013 10 10 10 1981 sum: 4074
User 3: 10 10 10 10 2032 10 10 2011 10 10 sum: 4123
User 4: 10 10 1970 10 10 10 10 10 1986 10 sum: 4036
User 5: 1989 10 10 10 10 2003 10 10 10 10 sum: 4072
User 6: 10 10 10 2010 10 10 2013 10 10 10 sum: 4103
User 7: 2018 10 10 10 10 10 10 10 2031 10 sum: 4129
User 8: 10 10 2017 10 2028 10 10 10 10 10 sum: 4125
User 9: 10 10 10 2002 10 10 2027 10 10 10 sum: 4109
